Training Loss Error Array

[42530.0,
 40098.177331061619,
 33387.817156097124,
 30364.554501692241,
 27877.635944294081,
 26128.05554486546,
 24356.188851906772,
 23454.262253972989,
 21388.405283564931,
 19658.998312608554,
 18883.181230535534,
 18248.494286874069,
 17902.254681625229,
 17772.231266294948,
 17432.226318449615,
 16961.609762017557,
 16437.504079654715,
 15627.193226453091,
 15383.153094131363,
 15025.815513011954,
 14467.292833994228,
 14377.128679807051,
 13856.462950193596,
 13673.738715903562,
 13364.540625348363,
 13208.955923640864,
 12918.35938151508,
 12732.889858752591,
 12642.192345355597,
 12249.565188701963,
 12158.520086301609,
 12003.353851238506,
 11747.178464726565,
 11642.058446743717,
 11474.917239790388,
 11308.143007670938,
 11221.596503119852,
 11143.390210226769,
 11215.989555558117,
 11116.787316227592,
 11280.723778625234,
 10910.039868999811,
 10798.511473633627,
 10698.499199093367,
 10493.654212586118,
 10421.265003849188,
 10306.317408840125,
 10320.044798223111,
 10282.546235477666,
 10102.917884725737,
 10027.195084572864,
 9866.0859539754802,
 10436.158958951084,
 10159.16390317205,
 9930.5912551544316,
 9713.6991995486769,
 9645.97674191236,
 9500.246876754225,
 9633.7343120336263,
 9581.6849958706553,
 9625.0151709869187,
 9389.0950226914665,
 9204.8072178676175,
 8952.001534669489,
 8706.4696958814147,
 8490.8878344519544,
 8266.2234773628388,
 8256.2798337487075,
 8174.0739934907187,
 7844.3992093438046,
 7763.5098727297391,
 7756.7183207585122,
 7672.4705132600075,
 7673.4949817896932,
 7529.1832255459431,
 7820.9580829195593,
 7706.1399864889599,
 7600.0922457859906,
 7335.1267937136236,
 7116.8715158484292,
 6937.5129196358239,
 6796.3737869980005,
 6721.4807513134174,
 6659.1422207471742,
 6552.3069261844757,
 6394.8893910836669,
 6297.6785127483854,
 6219.9465959267091,
 6072.4644125501163,
 5988.8179963499633,
 5833.9506940646561,
 5629.1240118695341,
 5591.9405810764265,
 5526.8727637247093,
 5439.2041253684174,
 5375.5066479685329,
 5360.9615003078779,
 5257.335805459501,
 5193.3049639151686,
 5119.023785914691,
 5034.299079113558,
 4993.8307187150067,
 4868.5885801303029,
 4798.6690892542492,
 4774.3035894916802,
 4868.1107515691028,
 4858.8711770756581,
 4728.2854681000044,
 4648.5727282675052,
 4670.4193028022637,
 4717.2986247741346,
 4460.6584246281418,
 4442.4632661126652,
 4407.3408237033946,
 4255.6453099760356,
 4154.5845608165746,
 4120.0242932546153,
 4013.0922845976233,
 3970.4228581515176,
 4139.0143660608401,
 4263.3336333975822,
 4226.4998973772827,
 3963.0110597855723,
 4053.411301581777,
 3840.4057573077953,
 3791.3361884489577,
 3755.2466787140215,
 4230.0601106787517,
 4227.1552963798567,
 4341.2827490066293,
 3922.5660332303241,
 3598.5359067483869,
 3543.9766323022191,
 3426.688754133957,
 3154.3045729836113,
 3115.9799269464124,
 2942.9741346213182,
 2842.5011270027239]